[gd_scene load_steps=18 format=3 uid="uid://18c7brh1axl0"]

[ext_resource type="Script" path="res://player.gd" id="1_e07hd"]
[ext_resource type="AudioStream" uid="uid://boe51dk3gyn8m" path="res://Audio/SFX - Explosion.mp3" id="2_tlc03"]
[ext_resource type="AudioStream" uid="uid://cncscpx2eydli" path="res://Audio/SFX - Success.ogg" id="3_su4oi"]
[ext_resource type="AudioStream" uid="uid://bbt6eq62n0p4y" path="res://Audio/SFX - Main engine thrust.ogg" id="4_vi616"]
[ext_resource type="PackedScene" uid="uid://ux6ivcx1ovdp" path="res://Particles/booster_particles.tscn" id="5_b65u3"]
[ext_resource type="PackedScene" uid="uid://dcecb8hw7dbrv" path="res://Particles/explosion_particles.tscn" id="6_efvp8"]
[ext_resource type="PackedScene" uid="uid://jfwajmrh6ca7" path="res://Particles/success_particles.tscn" id="7_eyjja"]
[ext_resource type="Material" uid="uid://b5kdtuimvdyqx" path="res://ShipRedMaterial.tres" id="8_cbbkq"]

[sub_resource type="CylinderMesh" id="CylinderMesh_b4a41"]

[sub_resource type="CylinderShape3D" id="CylinderShape3D_wq1k2"]

[sub_resource type="CylinderMesh" id="CylinderMesh_1j7bq"]
top_radius = 0.2
bottom_radius = 0.2
height = 1.5

[sub_resource type="CylinderMesh" id="CylinderMesh_jylf7"]
top_radius = 0.0
bottom_radius = 0.2
height = 0.5

[sub_resource type="CylinderMesh" id="CylinderMesh_y4xxf"]
top_radius = 0.25
bottom_radius = 0.25
height = 0.25

[sub_resource type="CylinderMesh" id="CylinderMesh_ah2x7"]
top_radius = 0.25
bottom_radius = 0.25
height = 0.4

[sub_resource type="BoxMesh" id="BoxMesh_1wdvk"]
size = Vector3(0.2, 0.4, 0.2)
subdivide_width = 1

[sub_resource type="CylinderMesh" id="CylinderMesh_qf5qq"]
top_radius = 0.1
bottom_radius = 0.15
height = 0.4

[sub_resource type="TorusMesh" id="TorusMesh_aqrie"]
inner_radius = 0.4
outer_radius = 0.5

[node name="Player" type="RigidBody3D"]
axis_lock_linear_z = true
axis_lock_angular_x = true
axis_lock_angular_y = true
contact_monitor = true
max_contacts_reported = 10
linear_damp = 1.0
angular_damp = 3.0
script = ExtResource("1_e07hd")
torque_thrust = 5000.0

[node name="MeshInstance3D" type="MeshInstance3D" parent="."]
visible = false
mesh = SubResource("CylinderMesh_b4a41")

[node name="CollisionShape3D" type="CollisionShape3D" parent="."]
shape = SubResource("CylinderShape3D_wq1k2")

[node name="ExplosionAudio" type="AudioStreamPlayer" parent="."]
stream = ExtResource("2_tlc03")
volume_db = -16.31
bus = &"SFX"

[node name="SuccessAudio" type="AudioStreamPlayer" parent="."]
stream = ExtResource("3_su4oi")
volume_db = -19.874
bus = &"SFX"

[node name="RocketAudio" type="AudioStreamPlayer3D" parent="."]
stream = ExtResource("4_vi616")
volume_db = -11.575

[node name="BoosterParticles" parent="." instance=ExtResource("5_b65u3")]
transform = Transform3D(1, 0, 0, 0, 1, 0, 0, 0, 1, 0, -1, 0)

[node name="LeftBoosterParticles" parent="." instance=ExtResource("5_b65u3")]
transform = Transform3D(0.957284, 0.289149, 0, -0.289149, 0.957284, 0, 0, 0, 1, -0.49252, -0.91198, 0)

[node name="RightBoosterParticles" parent="." instance=ExtResource("5_b65u3")]
transform = Transform3D(-0.957319, -0.289032, -8.74228e-08, -0.289032, 0.957319, -1.77636e-15, 8.36915e-08, 2.5268e-08, -1, 0.493, -0.912, 0)

[node name="ExplosionParticles" parent="." instance=ExtResource("6_efvp8")]

[node name="SuccessParticles" parent="." instance=ExtResource("7_eyjja")]

[node name="Body" type="MeshInstance3D" parent="."]
transform = Transform3D(1, 0, 0, 0, 1, 0, 0, 0, 1, 0, -0.25, 0)
material_override = ExtResource("8_cbbkq")
mesh = SubResource("CylinderMesh_1j7bq")

[node name="Cockpit" type="MeshInstance3D" parent="Body"]
transform = Transform3D(1, 0, 0, 0, 1, 0, 0, 0, 1, 0, 1, 0)
material_override = ExtResource("8_cbbkq")
mesh = SubResource("CylinderMesh_jylf7")
skeleton = NodePath("../..")

[node name="Midriff" type="MeshInstance3D" parent="Body"]
transform = Transform3D(1, 0, 0, 0, 1, 0, 0, 0, 1, 0, 0.25, 0)
material_override = ExtResource("8_cbbkq")
mesh = SubResource("CylinderMesh_y4xxf")

[node name="Thruster" type="MeshInstance3D" parent="Body"]
transform = Transform3D(1, 0, 0, 0, 1, 0, 0, 0, 1, 0, -0.632993, 0)
material_override = ExtResource("8_cbbkq")
mesh = SubResource("CylinderMesh_ah2x7")

[node name="LeftArm" type="MeshInstance3D" parent="Body"]
transform = Transform3D(0.718167, 0.695869, -0.00133501, -0.69587, 0.718168, 0.000124512, 0.0010454, 0.000839571, 0.999999, -0.22927, -0.204509, 0)
material_override = ExtResource("8_cbbkq")
mesh = SubResource("BoxMesh_1wdvk")

[node name="Thruster" type="MeshInstance3D" parent="Body/LeftArm"]
transform = Transform3D(0.91654, -0.309813, -0.252921, 0.318681, 0.947841, -0.0062033, 0.241651, -0.0749157, 0.967466, 0.058209, -0.304729, -0.0106513)
material_override = ExtResource("8_cbbkq")
mesh = SubResource("CylinderMesh_qf5qq")

[node name="RightArm" type="MeshInstance3D" parent="Body"]
transform = Transform3D(-0.718126, -0.695913, -8.74228e-08, -0.695913, 0.718126, 0, 6.27806e-08, 6.08386e-08, -1, 0.229, -0.205, 0)
material_override = ExtResource("8_cbbkq")
mesh = SubResource("BoxMesh_1wdvk")

[node name="Thruster" type="MeshInstance3D" parent="Body/RightArm"]
transform = Transform3D(0.91654, -0.309813, -0.252921, 0.318681, 0.947841, -0.0062033, 0.241651, -0.0749157, 0.967466, 0.058209, -0.304729, -0.0106513)
material_override = ExtResource("8_cbbkq")
mesh = SubResource("CylinderMesh_qf5qq")

[node name="BaseRing" type="MeshInstance3D" parent="Body"]
transform = Transform3D(1, 0, 0, 0, 1, 0, 0, 0, 1, 0, -0.555637, 0)
material_override = ExtResource("8_cbbkq")
mesh = SubResource("TorusMesh_aqrie")

[connection signal="body_entered" from="." to="." method="_on_body_entered"]
